---
image_width: 1280
image_height: 960
camera_name: camera
camera_matrix:
  rows: 3
  cols: 3
  data: [719.234, 0, 657.363, 0, 717.941, 445.396, 0, 0, 1]
distortion_model: plumb_bob
distortion_coefficients:
  rows: 1
  cols: 5
  data: [-0.378088, 0.191274, 0.000256573, -0.000129401, -0.0555762]
rectification_matrix:
  rows: 3
  cols: 3
  data: [1, 0, 0, 0, 1, 0, 0, 0, 1]
projection_matrix:
  rows: 3
  cols: 4
  data: [719.234, 0, 657.363, 0, 0, 717.941, 445.396, 0, 0, 0, 1, 0]